BitIntSet

                | Loading           | Consistency       | Classify          | Realize           |
                | Time    | Mem     | Time    | Mem     | Time    | Mem     | Time    | Mem     |
portal          |    0.13 |    0.84 |    0.03 |    0.87 |    0.40 |    2.02 |    0.01 |    2.03 |
CongoService    |    0.14 |    1.40 |    0.04 |    1.57 |    0.31 |    5.19 |    0.10 |    5.20 |
SUMO            |    0.08 |    2.26 |    0.01 |    2.37 |    0.14 |    4.62 |    0.04 |    4.66 |
pizza           |    0.07 |    0.52 |    0.00 |    0.52 |    2.36 |    1.24 |    0.00 |    1.24 |
earthrealm      |    0.18 |    2.57 |    0.00 |    2.63 |    1.86 |    8.09 |    0.06 |    8.11 |
wine            |    0.06 |    0.85 |    1.73 |    1.88 |   20.34 |    7.06 |   11.38 |    6.99 |
galen           |    0.65 |    6.24 |    0.00 |    6.24 |   11.94 |   39.67 |    0.00 |   39.67 |
financial       |    2.83 |   29.77 |    0.63 |   38.35 |    0.01 |   38.57 |    0.87 |   39.12 |
biopax          |    8.14 |   48.93 |    0.56 |   54.45 |    0.00 |   54.56 |    0.59 |   54.95 |
university[0]   |    5.61 |   39.24 |    2.60 |   65.52 |    0.01 |   65.71 |    1.48 |   66.56 |
university[0-2] |   16.42 |  126.52 |   24.83 |  347.45 |    0.01 |  347.65 |    5.44 |  350.43 |


HashIntSet

                | Loading           | Consistency       | Classify          | Realize           |
                | Time    | Mem     | Time    | Mem     | Time    | Mem     | Time    | Mem     |
portal          |    0.13 |    0.84 |    0.03 |    0.87 |    0.41 |    2.06 |    0.02 |    2.07 |
CongoService    |    0.17 |    1.40 |    0.04 |    1.61 |    0.34 |    5.23 |    0.10 |    5.24 |
SUMO            |    0.08 |    2.27 |    0.01 |    2.39 |    0.15 |    4.63 |    0.03 |    4.67 |
pizza           |    0.07 |    0.52 |    0.00 |    0.52 |    4.08 |    1.27 |    0.00 |    1.27 |
earthrealm      |    0.13 |    2.57 |    0.00 |    2.65 |    1.94 |    8.15 |    0.07 |    8.17 |
wine            |    0.06 |    0.85 |    1.95 |    2.16 |   22.03 |    7.55 |   14.94 |    7.50 |
galen           |    0.34 |    6.26 |    0.00 |    6.26 |   13.02 |   43.77 |    0.00 |   43.77 |
financial       |    2.75 |   29.77 |    0.65 |   38.74 |    0.01 |   38.96 |    0.84 |   39.51 |
biopax          |    9.43 |   48.93 |    0.61 |   55.21 |    0.00 |   55.32 |    0.58 |   55.71 |
university[0]   |    5.68 |   39.24 |    2.51 |   51.46 |    0.01 |   51.65 |    1.50 |   52.51 |
university[0-2] |   16.15 |  126.53 |   24.56 |  167.73 |    0.01 |  167.93 |    5.45 |  170.71 |

TreeIntSet

                | Loading           | Consistency       | Classify          | Realize           |
                | Time    | Mem     | Time    | Mem     | Time    | Mem     | Time    | Mem     |
portal          |    0.14 |    0.84 |    0.03 |    0.87 |    0.40 |    2.04 |    0.01 |    2.05 |
CongoService    |    0.14 |    1.40 |    0.05 |    1.59 |    0.32 |    5.21 |    0.10 |    5.22 |
SUMO            |    0.08 |    2.26 |    0.01 |    2.38 |    0.14 |    4.62 |    0.04 |    4.67 |
pizza           |    0.07 |    0.52 |    0.00 |    0.52 |    2.98 |    1.25 |    0.00 |    1.26 |
earthrealm      |    0.12 |    2.57 |    0.00 |    2.64 |    1.82 |    8.12 |    0.06 |    8.14 |
wine            |    0.06 |    0.85 |    1.87 |    2.03 |   21.70 |    7.29 |   13.84 |    7.23 |
galen           |    0.65 |    6.25 |    0.00 |    6.25 |   12.57 |   41.66 |    0.00 |   41.66 |
financial       |    2.71 |   29.77 |    0.65 |   38.54 |    0.01 |   38.76 |    0.83 |   39.31 |
biopax          |    9.28 |   48.93 |    0.60 |   54.82 |    0.00 |   54.93 |    0.57 |   55.32 |
university[0]   |    5.65 |   39.24 |    2.57 |   50.30 |    0.01 |   50.49 |    1.48 |   51.34 |
university[0-2] |   16.63 |  126.52 |   25.44 |  163.78 |    0.01 |  163.98 |    5.56 |  166.76 |

pcj.IntOpenHashSet

                | Loading           | Consistency       | Classify          | Realize           |
                | Time    | Mem     | Time    | Mem     | Time    | Mem     | Time    | Mem     |
portal          |    0.14 |    0.84 |    0.03 |    0.87 |    0.45 |    2.05 |    0.02 |    2.06 |
CongoService    |    0.15 |    1.40 |    0.05 |    1.60 |    0.32 |    5.22 |    0.10 |    5.24 |
SUMO            |    0.08 |    2.27 |    0.01 |    2.39 |    0.15 |    4.63 |    0.04 |    4.67 |
pizza           |    0.07 |    0.52 |    0.00 |    0.52 |    4.06 |    1.26 |    0.00 |    1.27 |
earthrealm      |    0.12 |    2.57 |    0.00 |    2.64 |    1.82 |    8.15 |    0.06 |    8.17 |
wine            |    0.06 |    0.85 |    2.15 |    2.07 |   25.94 |    7.38 |   16.36 |    7.32 |
galen           |    0.38 |    6.25 |    0.00 |    6.26 |   14.10 |   43.04 |    0.00 |   43.04 |
financial       |    2.73 |   29.77 |    0.76 |   38.70 |    0.01 |   38.92 |    0.85 |   39.47 |
biopax          |    8.36 |   48.93 |    0.67 |   55.13 |    0.00 |   55.24 |    0.59 |   55.63 |
university[0]   |    5.48 |   39.24 |    2.65 |   51.03 |    0.01 |   51.22 |    1.57 |   52.07 |
university[0-2] |   19.14 |  126.53 |   25.23 |  166.26 |    0.01 |  166.47 |    5.48 |  169.24 |

pcj.IntChainedHashSet

                | Loading           | Consistency       | Classify          | Realize           |
                | Time    | Mem     | Time    | Mem     | Time    | Mem     | Time    | Mem     |
portal          |    0.14 |    0.84 |    0.03 |    0.87 |    0.43 |    2.05 |    0.02 |    2.06 |
CongoService    |    0.14 |    1.40 |    0.05 |    1.60 |    0.30 |    5.22 |    0.10 |    5.23 |
SUMO            |    0.08 |    2.26 |    0.01 |    2.39 |    0.14 |    4.63 |    0.04 |    4.67 |
pizza           |    0.07 |    0.52 |    0.00 |    0.52 |    4.00 |    1.26 |    0.00 |    1.26 |
earthrealm      |    0.12 |    2.57 |    0.01 |    2.64 |    2.00 |    8.14 |    0.06 |    8.16 |
wine            |    0.06 |    0.85 |    2.50 |    2.24 |   14.75 |    7.54 |   12.38 |    7.48 |
galen           |    0.35 |    6.25 |    0.00 |    6.25 |   13.90 |   42.69 |    0.00 |   42.69 |
financial       |    2.72 |   29.77 |    0.72 |   38.65 |    0.01 |   38.87 |    0.83 |   39.42 |
biopax          |    8.17 |   48.93 |    0.64 |   55.04 |    0.00 |   55.14 |    0.58 |   55.53 |
university[0]   |    5.35 |   39.24 |    2.56 |   50.75 |    0.01 |   50.94 |    1.51 |   51.80 |
university[0-2] |   18.67 |  126.53 |   24.46 |  165.33 |    0.01 |  165.53 |    5.53 |  168.31 |

pcj.IntRangeSet

                | Loading           | Consistency       | Classify          | Realize           |
                | Time    | Mem     | Time    | Mem     | Time    | Mem     | Time    | Mem     |
portal          |    0.13 |    0.84 |    0.03 |    0.87 |    0.46 |    2.05 |    0.02 |    2.05 |
CongoService    |    0.14 |    1.40 |    0.04 |    1.59 |    0.32 |    5.21 |    0.11 |    5.23 |
SUMO            |    0.08 |    2.26 |    0.01 |    2.38 |    0.14 |    4.62 |    0.03 |    4.67 |
pizza           |    0.07 |    0.52 |    0.00 |    0.52 |    3.82 |    1.26 |    0.00 |    1.26 |
earthrealm      |    0.12 |    2.57 |    0.00 |    2.64 |    1.81 |    8.13 |    0.06 |    8.15 |
wine            |    0.06 |    0.85 |    2.02 |    2.03 |   23.90 |    7.28 |   15.14 |    7.22 |
galen           |    0.65 |    6.25 |    0.00 |    6.25 |   12.85 |   42.00 |    0.00 |   42.00 |
financial       |    2.65 |   29.77 |    0.69 |   38.59 |    0.01 |   38.81 |    0.83 |   39.36 |
biopax          |    8.15 |   48.93 |    0.62 |   54.92 |    0.00 |   55.02 |    0.56 |   55.41 |
university[0]   |    5.32 |   39.24 |    2.51 |   50.38 |    0.01 |   50.57 |    1.49 |   51.43 |
university[0-2] |   16.29 |  126.52 |   24.09 |  164.07 |    0.01 |  164.28 |    5.39 |  167.05 |

pcj.IntBitSet

                | Loading           | Consistency       | Classify          | Realize           |
                | Time    | Mem     | Time    | Mem     | Time    | Mem     | Time    | Mem     |
portal          |    0.14 |    0.84 |    0.03 |    0.87 |    0.43 |    2.03 |    0.02 |    2.03 |
CongoService    |    0.15 |    1.40 |    0.04 |    1.57 |    0.31 |    5.19 |    0.10 |    5.20 |
SUMO            |    0.09 |    2.26 |    0.01 |    2.38 |    0.15 |    4.62 |    0.03 |    4.66 |
pizza           |    0.07 |    0.52 |    0.00 |    0.52 |    3.55 |    1.24 |    0.00 |    1.25 |
earthrealm      |    0.12 |    2.57 |    0.01 |    2.63 |    1.83 |    8.10 |    0.06 |    8.12 |
wine            |    0.06 |    0.85 |    2.21 |    1.90 |   26.34 |    7.10 |   15.44 |    7.03 |
galen           |    0.34 |    6.24 |    0.00 |    6.24 |   13.09 |   40.03 |    0.00 |   40.03 |
financial       |    2.65 |   29.77 |    0.76 |   38.40 |    0.01 |   38.62 |    0.84 |   39.17 |
biopax          |    8.13 |   48.93 |    0.61 |   54.55 |    0.00 |   54.65 |    0.56 |   55.04 |
university[0]   |    6.90 |   39.24 |    2.69 |   65.69 |    0.01 |   65.87 |    1.52 |   66.73 |
university[0-2] |   17.07 |  126.52 |   25.12 |  348.03 |    0.01 |  348.23 |    5.56 |  351.00 |
